 Test   |       Expected       |        Actual        |
0;JGT   | 111 0 101010 000 001 | 111 0 101010 000 001 | OK
0;JEQ   | 111 0 101010 000 010 | 111 0 101010 000 010 | OK
0;JGE   | 111 0 101010 000 011 | 111 0 101010 000 011 | OK
0;JLT   | 111 0 101010 000 100 | 111 0 101010 000 100 | OK
0;JNE   | 111 0 101010 000 101 | 111 0 101010 000 101 | OK 
0;JLE   | 111 0 101010 000 110 | 111 0 101010 000 110 | OK
0;JMP   | 111 0 101010 000 111 | 111 0 101010 000 111 | OK
D=M;JMP | 111 1 110000 010 111 | 111 1 110000 010 111 | OK

